17	0
16.994	0
16.989	0
16.983	0
16.977	0
16.971	0
16.966	0
16.96	0
16.954	0
16.949	0
16.943	0
16.937	0
16.931	0
16.926	0
16.92	0
16.914	0
16.909	0
16.903	0
16.897	0
16.891	0
16.886	0
16.88	0
16.874	0
16.869	0
16.863	0
16.857	0
16.851	0
16.846	0
16.84	0
16.834	0
16.829	0
16.823	0
16.817	0
16.811	0
16.806	0
16.8	0
16.794	0
16.789	0
16.783	0
16.777	0
16.771	0
16.766	0
16.76	0
16.754	0
16.749	0
16.743	0
16.737	0
16.731	0
16.726	0
16.72	0
16.714	0
16.709	0
16.703	0
16.697	0
16.691	0
16.686	0
16.68	0
16.674	0
16.669	0
16.663	0
16.657	0
16.651	0
16.646	0
16.64	0
16.634	0
16.629	0
16.623	0
16.617	0
16.611	0
16.606	0
16.6	0
16.594	0
16.589	0
16.583	0
16.577	0
16.571	0
16.566	0
16.56	0
16.554	0
16.549	0
16.543	0
16.537	0
16.531	0
16.526	0
16.52	0.0000001
16.514	0.0000001
16.509	0.0000001
16.503	0.0000002
16.497	0.0000002
16.491	0.0000004
16.486	0.0000005
16.48	0.0000007
16.474	0.000001
16.469	0.0000014
16.463	0.0000019
16.457	0.0000026
16.451	0.0000036
16.446	0.000005
16.44	0.0000068
16.434	0.0000092
16.429	0.0000125
16.423	0.0000169
16.417	0.0000228
16.411	0.0000305
16.406	0.0000407
16.4	0.0000541
16.394	0.0000715
16.389	0.0000943
16.383	0.0001238
16.377	0.0001618
16.371	0.0002107
16.366	0.0002733
16.36	0.000353
16.354	0.0004542
16.349	0.000582
16.343	0.0007427
16.337	0.0009441
16.331	0.0011951
16.326	0.0015069
16.32	0.0018924
16.314	0.0023668
16.309	0.0029484
16.303	0.0036581
16.297	0.0045203
16.291	0.0055632
16.286	0.0068193
16.28	0.0083254
16.274	0.0101231
16.269	0.0122595
16.263	0.0147871
16.257	0.0177641
16.251	0.0212545
16.246	0.0253285
16.24	0.0300618
16.234	0.0355363
16.229	0.0418386
16.223	0.0490604
16.217	0.0572974
16.211	0.0666482
16.206	0.077213
16.2	0.0890927
16.194	0.1023866
16.189	0.1171907
16.183	0.1335958
16.177	0.1516846
16.171	0.1715298
16.166	0.1931911
16.16	0.2167125
16.154	0.2421196
16.149	0.2694174
16.143	0.2985868
16.137	0.3295832
16.131	0.3623339
16.126	0.3967369
16.12	0.4326591
16.114	0.4699362
16.109	0.5083722
16.103	0.5477404
16.097	0.5877843
16.091	0.6282198
16.086	0.668738
16.08	0.7090086
16.074	0.7486839
16.069	0.7874038
16.063	0.8248011
16.057	0.860507
16.051	0.8941578
16.046	0.9254002
16.04	0.9538988
16.034	0.9793415
16.029	1.0014458
16.023	1.0199646
16.017	1.0346909
16.011	1.0454624
16.006	1.052165
16	1.0547357
15.994	1.0531641
15.989	1.0474932
15.983	1.0378192
15.977	1.0242903
15.971	1.007104
15.966	0.9865045
15.96	0.9627782
15.954	0.9362491
15.949	0.9072737
15.943	0.8762345
15.937	0.8435348
15.931	0.8095916
15.926	0.7748293
15.92	0.7396738
15.914	0.7045459
15.909	0.6698557
15.903	0.6359973
15.897	0.6033437
15.891	0.5722424
15.886	0.5430119
15.88	0.5159379
15.874	0.4912714
15.869	0.4692263
15.863	0.4499779
15.857	0.4336623
15.851	0.4203759
15.846	0.4101756
15.84	0.4030793
15.834	0.3990668
15.829	0.3980813
15.823	0.400031
15.817	0.4047911
15.811	0.4122059
15.806	0.4220915
15.8	0.4342384
15.794	0.4484145
15.789	0.4643683
15.783	0.4818324
15.777	0.5005265
15.771	0.5201617
15.766	0.5404439
15.76	0.5610778
15.754	0.5817707
15.749	0.6022364
15.743	0.6221992
15.737	0.6413973
15.731	0.6595863
15.726	0.6765428
15.72	0.692067
15.714	0.7059853
15.709	0.7181525
15.703	0.7284536
15.697	0.7368043
15.691	0.7431523
15.686	0.7474768
15.68	0.7497882
15.674	0.7501265
15.669	0.7485603
15.663	0.745184
15.657	0.7401157
15.651	0.7334938
15.646	0.725474
15.64	0.7162256
15.634	0.705928
15.629	0.6947671
15.623	0.6829315
15.617	0.6706091
15.611	0.6579836
15.606	0.6452318
15.6	0.6325203
15.594	0.6200038
15.589	0.6078226
15.583	0.5961015
15.577	0.5849481
15.571	0.5744527
15.566	0.5646877
15.56	0.5557074
15.554	0.547549
15.549	0.5402331
15.543	0.5337643
15.537	0.5281329
15.531	0.5233161
15.526	0.5192793
15.52	0.5159776
15.514	0.5133578
15.509	0.5113594
15.503	0.5099163
15.497	0.5089586
15.491	0.5084133
15.486	0.5082062
15.48	0.5082627
15.474	0.5085089
15.469	0.5088727
15.463	0.5092847
15.457	0.5096786
15.451	0.5099923
15.446	0.5101683
15.44	0.510154
15.434	0.5099027
15.429	0.5093732
15.423	0.5085307
15.417	0.5073468
15.411	0.5057994
15.406	0.5038733
15.4	0.5015597
15.394	0.4988563
15.389	0.4957672
15.383	0.4923024
15.377	0.4884778
15.371	0.4843145
15.366	0.4798383
15.36	0.4750794
15.354	0.4700711
15.349	0.4648502
15.343	0.459455
15.337	0.4539254
15.331	0.4483021
15.326	0.4426254
15.32	0.4369347
15.314	0.4312681
15.309	0.4256614
15.303	0.4201479
15.297	0.4147577
15.291	0.4095177
15.286	0.4044509
15.28	0.3995768
15.274	0.3949113
15.269	0.3904664
15.263	0.3862509
15.257	0.3822704
15.251	0.3785276
15.246	0.3750231
15.24	0.3717551
15.234	0.3687209
15.229	0.3659161
15.223	0.3633363
15.217	0.3609764
15.211	0.3588319
15.206	0.3568984
15.2	0.3551724
15.194	0.3536513
15.189	0.3523334
15.183	0.3512179
15.177	0.3503049
15.171	0.3495955
15.166	0.3490912
15.16	0.3487936
15.154	0.3487049
15.149	0.3488265
15.143	0.3491595
15.137	0.349704
15.131	0.3504587
15.126	0.3514211
15.12	0.3525864
15.114	0.3539481
15.109	0.3554975
15.103	0.3572232
15.097	0.3591117
15.091	0.3611472
15.086	0.3633113
15.08	0.3655836
15.074	0.3679416
15.069	0.3703613
15.063	0.3728169
15.057	0.3752817
15.051	0.3777283
15.046	0.3801288
15.04	0.3824554
15.034	0.3846808
15.029	0.3867785
15.023	0.3887233
15.017	0.3904915
15.011	0.3920617
15.006	0.3934142
15	0.3945325
14.994	0.3954023
14.989	0.3960125
14.983	0.3963552
14.977	0.3964253
14.971	0.3962213
14.966	0.3957446
14.96	0.3949999
14.954	0.3939947
14.949	0.3927395
14.943	0.3912477
14.937	0.3895349
14.931	0.3876191
14.926	0.3855203
14.92	0.3832604
14.914	0.3808625
14.909	0.378351
14.903	0.375751
14.897	0.3730883
14.891	0.3703888
14.886	0.3676782
14.88	0.3649818
14.874	0.3623243
14.869	0.359729
14.863	0.3572181
14.857	0.354812
14.851	0.352529
14.846	0.3503856
14.84	0.3483955
14.834	0.34657
14.829	0.3449174
14.823	0.3434431
14.817	0.3421496
14.811	0.3410361
14.806	0.3400989
14.8	0.339331
14.794	0.3387225
14.789	0.3382609
14.783	0.3379307
14.777	0.3377144
14.771	0.337592
14.766	0.3375422
14.76	0.3375421
14.754	0.3375678
14.749	0.3375952
14.743	0.3375999
14.737	0.3375579
14.731	0.3374461
14.726	0.3372427
14.72	0.3369277
14.714	0.3364827
14.709	0.3358921
14.703	0.3351428
14.697	0.3342244
14.691	0.3331295
14.686	0.3318539
14.68	0.3303963
14.674	0.3287584
14.669	0.3269447
14.663	0.3249627
14.657	0.322822
14.651	0.3205347
14.646	0.3181145
14.64	0.3155769
14.634	0.3129385
14.629	0.3102167
14.623	0.3074297
14.617	0.3045954
14.611	0.3017319
14.606	0.2988566
14.6	0.2959865
14.594	0.2931373
14.589	0.2903237
14.583	0.287559
14.577	0.2848552
14.571	0.2822226
14.566	0.2796701
14.56	0.2772048
14.554	0.2748323
14.549	0.2725567
14.543	0.2703805
14.537	0.2683047
14.531	0.2663291
14.526	0.2644519
14.52	0.2626704
14.514	0.2609807
14.509	0.2593777
14.503	0.2578558
14.497	0.2564082
14.491	0.2550276
14.486	0.2537062
14.48	0.2524354
14.474	0.2512065
14.469	0.2500106
14.463	0.2488383
14.457	0.2476805
14.451	0.2465282
14.446	0.2453723
14.44	0.2442045
14.434	0.2430165
14.429	0.2418009
14.423	0.2405508
14.417	0.2392603
14.411	0.2379242
14.406	0.2365382
14.4	0.2350993
14.394	0.2336051
14.389	0.2320547
14.383	0.2304481
14.377	0.2287861
14.371	0.2270709
14.366	0.2253052
14.36	0.2234929
14.354	0.2216383
14.349	0.2197465
14.343	0.2178232
14.337	0.215874
14.331	0.2139051
14.326	0.2119227
14.32	0.2099327
14.314	0.2079412
14.309	0.2059536
14.303	0.2039751
14.297	0.2020105
14.291	0.2000638
14.286	0.1981388
14.28	0.1962382
14.274	0.1943645
14.269	0.1925194
14.263	0.190704
14.257	0.188919
14.251	0.1871646
14.246	0.1854404
14.24	0.1837459
14.234	0.1820802
14.229	0.1804421
14.223	0.1788304
14.217	0.1772437
14.211	0.1756808
14.206	0.1741404
14.2	0.1726212
14.194	0.1711221
14.189	0.169642
14.183	0.1681803
14.177	0.1667361
14.171	0.1653089
14.166	0.1638984
14.16	0.1625043
14.154	0.1611265
14.149	0.1597648
14.143	0.1584193
14.137	0.1570902
14.131	0.1557774
14.126	0.1544813
14.12	0.1532018
14.114	0.1519392
14.109	0.1506936
14.103	0.149465
14.097	0.1482536
14.091	0.1470593
14.086	0.1458822
14.08	0.1447222
14.074	0.1435793
14.069	0.1424534
14.063	0.1413443
14.057	0.1402518
14.051	0.1391758
14.046	0.1381159
14.04	0.137072
14.034	0.1360436
14.029	0.1350305
14.023	0.134032
14.017	0.1330479
14.011	0.1320775
14.006	0.1311203
14	0.1301756
13.994	0.1292427
13.989	0.1283209
13.983	0.1274094
13.977	0.1265074
13.971	0.1256141
13.966	0.1247286
13.96	0.1238503
13.954	0.1229782
13.949	0.1221117
13.943	0.12125
13.937	0.1203928
13.931	0.1195394
13.926	0.1186894
13.92	0.1178428
13.914	0.1169992
13.909	0.1161588
13.903	0.1153217
13.897	0.1144882
13.891	0.1136586
13.886	0.1128335
13.88	0.1120136
13.874	0.1111995
13.869	0.1103919
13.863	0.1095918
13.857	0.1087998
13.851	0.1080169
13.846	0.1072439
13.84	0.1064814
13.834	0.1057302
13.829	0.1049908
13.823	0.1042637
13.817	0.1035493
13.811	0.1028477
13.806	0.102159
13.8	0.1014831
13.794	0.1008196
13.789	0.1001683
13.783	0.0995286
13.777	0.0988997
13.771	0.0982809
13.766	0.0976712
13.76	0.0970696
13.754	0.0964749
13.749	0.0958861
13.743	0.095302
13.737	0.0947213
13.731	0.0941429
13.726	0.0935656
13.72	0.0929883
13.714	0.09241
13.709	0.0918297
13.703	0.0912465
13.697	0.0906598
13.691	0.0900687
13.686	0.0894729
13.68	0.088872
13.674	0.0882656
13.669	0.0876536
13.663	0.087036
13.657	0.086413
13.651	0.0857846
13.646	0.0851513
13.64	0.0845134
13.634	0.0838714
13.629	0.0832259
13.623	0.0825774
13.617	0.0819267
13.611	0.0812745
13.606	0.0806214
13.6	0.0799682
13.594	0.0793156
13.589	0.0786644
13.583	0.0780154
13.577	0.0773692
13.571	0.0767265
13.566	0.0760879
13.56	0.075454
13.554	0.0748254
13.549	0.0742026
13.543	0.073586
13.537	0.072976
13.531	0.0723728
13.526	0.0717768
13.52	0.071188
13.514	0.0706066
13.509	0.0700325
13.503	0.0694657
13.497	0.0689061
13.491	0.0683534
13.486	0.0678075
13.48	0.0672678
13.474	0.0667342
13.469	0.066206
13.463	0.0656829
13.457	0.0651643
13.451	0.0646498
13.446	0.0641386
13.44	0.0636305
13.434	0.0631246
13.429	0.0626207
13.423	0.0621182
13.417	0.0616166
13.411	0.0611156
13.406	0.0606149
13.4	0.0601141
13.394	0.0596131
13.389	0.0591117
13.383	0.0586099
13.377	0.0581076
13.371	0.0576049
13.366	0.057102
13.36	0.056599
13.354	0.0560962
13.349	0.0555938
13.343	0.0550921
13.337	0.0545915
13.331	0.0540922
13.326	0.0535947
13.32	0.0530993
13.314	0.0526063
13.309	0.0521161
13.303	0.0516289
13.297	0.051145
13.291	0.0506646
13.286	0.050188
13.28	0.0497153
13.274	0.0492467
13.269	0.0487822
13.263	0.0483219
13.257	0.047866
13.251	0.0474143
13.246	0.0469669
13.24	0.0465237
13.234	0.0460848
13.229	0.0456499
13.223	0.0452192
13.217	0.0447924
13.211	0.0443695
13.206	0.0439504
13.2	0.043535
13.194	0.0431233
13.189	0.042715
13.183	0.0423102
13.177	0.0419088
13.171	0.0415106
13.166	0.0411155
13.16	0.0407236
13.154	0.0403346
13.149	0.0399486
13.143	0.0395654
13.137	0.0391851
13.131	0.0388074
13.126	0.0384325
13.12	0.0380601
13.114	0.0376903
13.109	0.0373231
13.103	0.0369584
13.097	0.0365962
13.091	0.0362366
13.086	0.0358795
13.08	0.0355249
13.074	0.0351729
13.069	0.0348236
13.063	0.0344769
13.057	0.034133
13.051	0.033792
13.046	0.0334538
13.04	0.0331186
13.034	0.0327864
13.029	0.0324573
13.023	0.0321314
13.017	0.0318087
13.011	0.0314893
13.006	0.0311732
13	0.0308604
12.994	0.030551
12.989	0.0302449
12.983	0.0299421
12.977	0.0296427
12.971	0.0293465
12.966	0.0290535
12.96	0.0287637
12.954	0.028477
12.949	0.0281934
12.943	0.0279127
12.937	0.0276349
12.931	0.02736
12.926	0.0270879
12.92	0.0268184
12.914	0.0265517
12.909	0.0262875
12.903	0.026026
12.897	0.025767
12.891	0.0255105
12.886	0.0252565
12.88	0.0250051
12.874	0.0247562
12.869	0.0245098
12.863	0.0242659
12.857	0.0240245
12.851	0.0237857
12.846	0.0235495
12.84	0.0233158
12.834	0.0230847
12.829	0.0228563
12.823	0.0226304
12.817	0.0224072
12.811	0.0221866
12.806	0.0219686
12.8	0.0217531
12.794	0.0215403
12.789	0.02133
12.783	0.0211222
12.777	0.0209169
12.771	0.020714
12.766	0.0205136
12.76	0.0203155
12.754	0.0201198
12.749	0.0199264
12.743	0.0197352
12.737	0.0195461
12.731	0.0193592
12.726	0.0191744
12.72	0.0189916
12.714	0.0188108
12.709	0.0186319
12.703	0.0184548
12.697	0.0182796
12.691	0.0181062
12.686	0.0179345
12.68	0.0177644
12.674	0.017596
12.669	0.0174291
12.663	0.0172638
12.657	0.0171
12.651	0.0169376
12.646	0.0167767
12.64	0.0166172
12.634	0.016459
12.629	0.0163022
12.623	0.0161466
12.617	0.0159924
12.611	0.0158395
12.606	0.0156879
12.6	0.0155375
12.594	0.0153883
12.589	0.0152405
12.583	0.0150939
12.577	0.0149486
12.571	0.0148045
12.566	0.0146617
12.56	0.0145203
12.554	0.0143801
12.549	0.0142412
12.543	0.0141036
12.537	0.0139674
12.531	0.0138324
12.526	0.0136988
12.52	0.0135665
12.514	0.0134355
12.509	0.0133058
12.503	0.0131775
12.497	0.0130504
12.491	0.0129246
12.486	0.0128
12.48	0.0126767
12.474	0.0125546
12.469	0.0124336
12.463	0.0123138
12.457	0.0121952
12.451	0.0120776
12.446	0.0119611
12.44	0.0118457
12.434	0.0117312
12.429	0.0116177
12.423	0.0115052
12.417	0.0113935
12.411	0.0112828
12.406	0.0111729
12.4	0.0110639
12.394	0.0109557
12.389	0.0108483
12.383	0.0107418
12.377	0.010636
12.371	0.010531
12.366	0.0104267
12.36	0.0103233
12.354	0.0102206
12.349	0.0101187
12.343	0.0100175
12.337	0.0099171
12.331	0.0098175
12.326	0.0097186
12.32	0.0096206
12.314	0.0095233
12.309	0.0094268
12.303	0.0093311
12.297	0.0092362
12.291	0.0091421
12.286	0.0090488
12.28	0.0089564
12.274	0.0088647
12.269	0.0087738
12.263	0.0086837
12.257	0.0085945
12.251	0.008506
12.246	0.0084184
12.24	0.0083315
12.234	0.0082455
12.229	0.0081603
12.223	0.0080758
12.217	0.0079922
12.211	0.0079093
12.206	0.0078272
12.2	0.0077458
12.194	0.0076653
12.189	0.0075854
12.183	0.0075064
12.177	0.007428
12.171	0.0073504
12.166	0.0072735
12.16	0.0071973
12.154	0.0071218
12.149	0.007047
12.143	0.0069729
12.137	0.0068995
12.131	0.0068267
12.126	0.0067545
12.12	0.006683
12.114	0.0066121
12.109	0.0065418
12.103	0.0064722
12.097	0.0064031
12.091	0.0063347
12.086	0.0062669
12.08	0.0061996
12.074	0.006133
12.069	0.0060669
12.063	0.0060015
12.057	0.0059366
12.051	0.0058724
12.046	0.0058087
12.04	0.0057456
12.034	0.0056831
12.029	0.0056212
12.023	0.0055599
12.017	0.0054992
12.011	0.0054391
12.006	0.0053796
12	0.0053206
11.994	0.0052623
11.989	0.0052046
11.983	0.0051474
11.977	0.0050908
11.971	0.0050348
11.966	0.0049794
11.96	0.0049245
11.954	0.0048702
11.949	0.0048164
11.943	0.0047632
11.937	0.0047106
11.931	0.0046585
11.926	0.0046069
11.92	0.0045558
11.914	0.0045053
11.909	0.0044552
11.903	0.0044057
11.897	0.0043567
11.891	0.0043082
11.886	0.0042602
11.88	0.0042127
11.874	0.0041656
11.869	0.0041191
11.863	0.004073
11.857	0.0040274
11.851	0.0039823
11.846	0.0039377
11.84	0.0038936
11.834	0.0038499
11.829	0.0038066
11.823	0.0037639
11.817	0.0037216
11.811	0.0036797
11.806	0.0036383
11.8	0.0035973
11.794	0.0035568
11.789	0.0035168
11.783	0.0034771
11.777	0.0034379
11.771	0.0033992
11.766	0.0033608
11.76	0.0033229
11.754	0.0032854
11.749	0.0032483
11.743	0.0032117
11.737	0.0031754
11.731	0.0031396
11.726	0.0031042
11.72	0.0030691
11.714	0.0030345
11.709	0.0030003
11.703	0.0029664
11.697	0.0029329
11.691	0.0028999
11.686	0.0028672
11.68	0.0028348
11.674	0.0028029
11.669	0.0027713
11.663	0.00274
11.657	0.0027092
11.651	0.0026786
11.646	0.0026485
11.64	0.0026186
11.634	0.0025891
11.629	0.0025599
11.623	0.0025311
11.617	0.0025025
11.611	0.0024743
11.606	0.0024464
11.6	0.0024189
11.594	0.0023916
11.589	0.0023646
11.583	0.002338
11.577	0.0023116
11.571	0.0022855
11.566	0.0022598
11.56	0.0022343
11.554	0.0022091
11.549	0.0021842
11.543	0.0021595
11.537	0.0021352
11.531	0.0021111
11.526	0.0020873
11.52	0.0020638
11.514	0.0020406
11.509	0.0020176
11.503	0.0019949
11.497	0.0019724
11.491	0.0019502
11.486	0.0019283
11.48	0.0019066
11.474	0.0018852
11.469	0.001864
11.463	0.001843
11.457	0.0018223
11.451	0.0018019
11.446	0.0017816
11.44	0.0017616
11.434	0.0017418
11.429	0.0017223
11.423	0.0017029
11.417	0.0016838
11.411	0.0016649
11.406	0.0016462
11.4	0.0016277
11.394	0.0016094
11.389	0.0015913
11.383	0.0015734
11.377	0.0015557
11.371	0.0015382
11.366	0.0015209
11.36	0.0015038
11.354	0.0014869
11.349	0.0014701
11.343	0.0014536
11.337	0.0014372
11.331	0.001421
11.326	0.0014049
11.32	0.0013891
11.314	0.0013734
11.309	0.0013579
11.303	0.0013425
11.297	0.0013273
11.291	0.0013123
11.286	0.0012974
11.28	0.0012827
11.274	0.0012682
11.269	0.0012538
11.263	0.0012396
11.257	0.0012255
11.251	0.0012116
11.246	0.0011978
11.24	0.0011842
11.234	0.0011707
11.229	0.0011574
11.223	0.0011442
11.217	0.0011312
11.211	0.0011183
11.206	0.0011055
11.2	0.0010929
11.194	0.0010804
11.189	0.0010681
11.183	0.0010558
11.177	0.0010438
11.171	0.0010318
11.166	0.00102
11.16	0.0010083
11.154	0.0009968
11.149	0.0009853
11.143	0.000974
11.137	0.0009628
11.131	0.0009517
11.126	0.0009408
11.12	0.0009299
11.114	0.0009192
11.109	0.0009086
11.103	0.0008981
11.097	0.0008877
11.091	0.0008775
11.086	0.0008673
11.08	0.0008572
11.074	0.0008473
11.069	0.0008374
11.063	0.0008277
11.057	0.0008181
11.051	0.0008085
11.046	0.0007991
11.04	0.0007898
11.034	0.0007806
11.029	0.0007714
11.023	0.0007624
11.017	0.0007535
11.011	0.0007446
11.006	0.0007359
11	0.0007273
10.994	0.0007187
10.989	0.0007103
10.983	0.0007019
10.977	0.0006936
10.971	0.0006855
10.966	0.0006774
10.96	0.0006694
10.954	0.0006615
10.949	0.0006536
10.943	0.0006459
10.937	0.0006382
10.931	0.0006307
10.926	0.0006232
10.92	0.0006158
10.914	0.0006085
10.909	0.0006012
10.903	0.0005941
10.897	0.000587
10.891	0.00058
10.886	0.0005731
10.88	0.0005662
10.874	0.0005594
10.869	0.0005528
10.863	0.0005461
10.857	0.0005396
10.851	0.0005331
10.846	0.0005267
10.84	0.0005204
10.834	0.0005141
10.829	0.0005079
10.823	0.0005018
10.817	0.0004958
10.811	0.0004898
10.806	0.0004839
10.8	0.000478
10.794	0.0004723
10.789	0.0004666
10.783	0.0004609
10.777	0.0004553
10.771	0.0004498
10.766	0.0004443
10.76	0.000439
10.754	0.0004336
10.749	0.0004284
10.743	0.0004231
10.737	0.000418
10.731	0.0004129
10.726	0.0004079
10.72	0.0004029
10.714	0.000398
10.709	0.0003931
10.703	0.0003883
10.697	0.0003836
10.691	0.0003789
10.686	0.0003743
10.68	0.0003697
10.674	0.0003651
10.669	0.0003607
10.663	0.0003563
10.657	0.0003519
10.651	0.0003476
10.646	0.0003433
10.64	0.0003391
10.634	0.0003349
10.629	0.0003308
10.623	0.0003268
10.617	0.0003227
10.611	0.0003188
10.606	0.0003148
10.6	0.000311
10.594	0.0003071
10.589	0.0003033
10.583	0.0002996
10.577	0.0002959
10.571	0.0002923
10.566	0.0002887
10.56	0.0002851
10.554	0.0002816
10.549	0.0002781
10.543	0.0002747
10.537	0.0002713
10.531	0.0002679
10.526	0.0002646
10.52	0.0002613
10.514	0.0002581
10.509	0.0002549
10.503	0.0002517
10.497	0.0002486
10.491	0.0002455
10.486	0.0002425
10.48	0.0002395
10.474	0.0002365
10.469	0.0002336
10.463	0.0002307
10.457	0.0002279
10.451	0.000225
10.446	0.0002222
10.44	0.0002195
10.434	0.0002168
10.429	0.0002141
10.423	0.0002114
10.417	0.0002088
10.411	0.0002062
10.406	0.0002036
10.4	0.0002011
10.394	0.0001986
10.389	0.0001962
10.383	0.0001937
10.377	0.0001913
10.371	0.0001889
10.366	0.0001866
10.36	0.0001843
10.354	0.000182
10.349	0.0001797
10.343	0.0001775
10.337	0.0001753
10.331	0.0001731
10.326	0.000171
10.32	0.0001688
10.314	0.0001667
10.309	0.0001647
10.303	0.0001626
10.297	0.0001606
10.291	0.0001586
10.286	0.0001566
10.28	0.0001547
10.274	0.0001527
10.269	0.0001508
10.263	0.000149
10.257	0.0001471
10.251	0.0001453
10.246	0.0001435
10.24	0.0001417
10.234	0.0001399
10.229	0.0001382
10.223	0.0001365
10.217	0.0001348
10.211	0.0001331
10.206	0.0001314
10.2	0.0001298
10.194	0.0001282
10.189	0.0001266
10.183	0.000125
10.177	0.0001234
10.171	0.0001219
10.166	0.0001204
10.16	0.0001189
10.154	0.0001174
10.149	0.0001159
10.143	0.0001145
10.137	0.000113
10.131	0.0001116
10.126	0.0001102
10.12	0.0001089
10.114	0.0001075
10.109	0.0001061
10.103	0.0001048
10.097	0.0001035
10.091	0.0001022
10.086	0.0001009
10.08	0.0000997
10.074	0.0000984
10.069	0.0000972
10.063	0.000096
10.057	0.0000948
10.051	0.0000936
10.046	0.0000924
10.04	0.0000912
10.034	0.0000901
10.029	0.000089
10.023	0.0000878
10.017	0.0000867
10.011	0.0000856
10.006	0.0000846
10	0.0000835
9.994	0.0000825
9.989	0.0000814
9.983	0.0000804
9.977	0.0000794
9.971	0.0000784
9.966	0.0000774
9.96	0.0000764
9.954	0.0000754
9.949	0.0000745
9.943	0.0000735
9.937	0.0000726
9.931	0.0000717
9.926	0.0000708
9.92	0.0000699
9.914	0.000069
9.909	0.0000681
9.903	0.0000673
9.897	0.0000664
9.891	0.0000656
9.886	0.0000647
9.88	0.0000639
9.874	0.0000631
9.869	0.0000623
9.863	0.0000615
9.857	0.0000607
9.851	0.00006
9.846	0.0000592
9.84	0.0000584
9.834	0.0000577
9.829	0.000057
9.823	0.0000562
9.817	0.0000555
9.811	0.0000548
9.806	0.0000541
9.8	0.0000534
9.794	0.0000527
9.789	0.000052
9.783	0.0000514
9.777	0.0000507
9.771	0.0000501
9.766	0.0000494
9.76	0.0000488
9.754	0.0000482
9.749	0.0000475
9.743	0.0000469
9.737	0.0000463
9.731	0.0000457
9.726	0.0000451
9.72	0.0000446
9.714	0.000044
9.709	0.0000434
9.703	0.0000429
9.697	0.0000423
9.691	0.0000418
9.686	0.0000412
9.68	0.0000407
9.674	0.0000402
9.669	0.0000396
9.663	0.0000391
9.657	0.0000386
9.651	0.0000381
9.646	0.0000376
9.64	0.0000371
9.634	0.0000366
9.629	0.0000362
9.623	0.0000357
9.617	0.0000352
9.611	0.0000348
9.606	0.0000343
9.6	0.0000339
9.594	0.0000334
9.589	0.000033
9.583	0.0000326
9.577	0.0000321
9.571	0.0000317
9.566	0.0000313
9.56	0.0000309
9.554	0.0000305
9.549	0.0000301
9.543	0.0000297
9.537	0.0000293
9.531	0.0000289
9.526	0.0000286
9.52	0.0000282
9.514	0.0000278
9.509	0.0000274
9.503	0.0000271
9.497	0.0000267
9.491	0.0000264
9.486	0.000026
9.48	0.0000257
9.474	0.0000253
9.469	0.000025
9.463	0.0000247
9.457	0.0000244
9.451	0.000024
9.446	0.0000237
9.44	0.0000234
9.434	0.0000231
9.429	0.0000228
9.423	0.0000225
9.417	0.0000222
9.411	0.0000219
9.406	0.0000216
9.4	0.0000213
9.394	0.000021
9.389	0.0000208
9.383	0.0000205
9.377	0.0000202
9.371	0.00002
9.366	0.0000197
9.36	0.0000194
9.354	0.0000192
9.349	0.0000189
9.343	0.0000187
9.337	0.0000184
9.331	0.0000182
9.326	0.0000179
9.32	0.0000177
9.314	0.0000175
9.309	0.0000172
9.303	0.000017
9.297	0.0000168
9.291	0.0000166
9.286	0.0000163
9.28	0.0000161
9.274	0.0000159
9.269	0.0000157
9.263	0.0000155
9.257	0.0000153
9.251	0.0000151
9.246	0.0000149
9.24	0.0000146
9.234	0.0000144
9.229	0.0000142
9.223	0.0000141
9.217	0.0000139
9.211	0.0000137
9.206	0.0000135
9.2	0.0000133
9.194	0.0000131
9.189	0.0000129
9.183	0.0000127
9.177	0.0000125
9.171	0.0000123
9.166	0.0000121
9.16	0.0000119
9.154	0.0000117
9.149	0.0000115
9.143	0.0000113
9.137	0.0000111
9.131	0.0000109
9.126	0.0000107
9.12	0.0000104
9.114	0.0000102
9.109	0.00001
9.103	0.0000098
9.097	0.0000095
9.091	0.0000093
9.086	0.000009
9.08	0.0000088
9.074	0.0000085
9.069	0.0000083
9.063	0.000008
9.057	0.0000077
9.051	0.0000075
9.046	0.0000072
9.04	0.0000069
9.034	0.0000066
9.029	0.0000064
9.023	0.0000061
9.017	0.0000058
9.011	0.0000055
9.006	0.0000053
9	0.000005
